5 26 42 23 37 40 49
10 5 26 23 14 37 12 11 13
10 9 36 5 34 32 42 23 12 40 11 14
26 32 42 23 14 37 40 11 13
11 13 6 26 5 28 27
1 4 6 26 8 39 32 14
9 36 6 26 32 42 23 37 1 32 3
6 49 37 24 4 17
11 13 42 7 26 20 28 23
9 36 7 34 32 24 38 40 1 32 15
1 21
7 26 32 1 24 32 15 33
29 48 24 4
9 36 7 26 32 48 14 20 1
34 32 24 4
11 13 4 38
1
1 19
28 32 24 38 1 4 12 3
14 1 51 23
48 11 13 28 22 37
49 37 32 15 37 2
38 2
41 2 32 19
32 43 2 1
19 12 37 1 24
32 15 22 27 1 46
48 1 24 33 25 20
12 20 32 14
1 24 46 29 19
22 49 32 48 1
34 32 11 13 39
14 41 49 50 24 46 4
39 37 18 32 37
37 32 27 1 28 4
37 42 23 38 37 14 4 12 41
32 14 22 37 17
10 31 47 32 27 1 39
18 20 21 49 49 11 13 46
18 1 42 4
0 32 37 14 1
10 12 39 46 32 1 24 29 47 19 30 37 16
14 51
1 46 49 22 39 4 12
1 42 46 39 49 22 4 12
32 1 24 49 39 25 20 49 22 41 12
50 8 1 46 21 25 39
18 29 50 48 1 21
4 39 43 41 48 37 48 32 3 38 33 49 48 1 24
12 46 49 21 51 30 37 17
4 41 47 19 30 23 35 45 32 14 49 32 37 38
0 32 32 14 43
0 4 9 36 31 32 14 35
23 35 32
33 48 31 23 48 45 32 16
10 9 36 8 34 32 3 30
12 39 37 32 48 32
21 8 20 31 32 48 44 32 49
32 35 44 33 48 37 48 46 32 1 42 4
10 47 30 32 23 35 45 32 17 39 43
37 51 30 32 48 45 32 16
30 32 21 14 41
23 36 31 32 14 49 39
23 14 44 49 31 1 46 21
23 14 44 37 39
1 26 25 39
0 11 13 46 34 22 39
0 11 13 30 20 39
18 37 3 50 31
1 28 29 34
1 46 34
31 23 45 32 16
31 23 45 32 16
32 45
